782003255051
782003255068
782003255075
782003255082
782003255099
782003255105
782003255112
782003255129
782003255136
782003255143
782003255150
782003255167
782003255174
782003255181
782003255198
782003255204
782003255211
782003255228
782003255235
782003255242
782003255259
782003255266
782003255273
782003255280
782003255297
782003255303
782003255310
782003255327
782003255334
782003255341
782003255358
782003255365
782003255372
782003255389
782003255396
782003255402
782003255419
782003255426
782003255433
782003255440
782003255457
782003255464
782003255471
782003255488
782003255495
782003255501
782003255518
782003255525
782003255532
782003255549
782003255556
782003255563
782003255570
782003255587
782003255594
782003255600
782003255617
782003255624
782003255631
782003255648
782003255655
782003255662
782003255679
782003255686
782003255693
782003255709
782003255716
782003255723
782003255730
782003255747
782003255754
782003255761
782003255778
782003255785
782003255792
782003255808
782003255815
782003255822
782003255839
782003255846
782003255853
782003255860
782003255877
782003255884
782003255891
782003255907
782003255914
782003255921
782003255938
782003255945
782003255952
782003255969
782003255976
782003255983
782003255990
782003256003
782003256010
782003256027
782003256034
782003256041
782003256058
782003256065
782003256072
782003256089
782003256096
782003256102
782003256119
782003256126
782003256133
782003256140
782003256157
782003256164
782003256171
782003256188
782003256195
782003256201
782003256218
782003256225
782003256232
782003256249
782003256256
782003256263
782003256270
782003256287
782003256294
782003256300
782003256317
782003256324
782003256331
782003256348
782003256355
782003256362
782003256379
782003256386
782003256393
782003256409
782003256416
782003256423
782003256430
782003256447
782003256454
